time  sound   in-band150ms  2-8kHz10ms  >8kHz10ms  (dB over music-only)
  1.55 whoosh   +3.3  +0.0  -0.0
  3.15 whoosh   +3.3  +0.1  -0.0
  3.50 click    +0.1  +3.9  +6.1
  5.20 whoosh   +3.4  +0.0  -0.0
  5.95 click    +0.3  +3.9  -0.0
  6.30 whoosh   +3.3  +0.2  +0.0
  7.75 pop      +3.3  -0.0  +0.0
  8.15 whoosh   +3.4  -0.0  -0.0
  9.50 click    +0.7  +0.0  +0.0
  9.62 pop      +1.0  +5.3  -0.0
 10.06 whoosh   +3.4  +0.3  -0.0
 13.15 whoosh   +3.3  +0.1  -0.0
 13.85 click    +0.1  +3.8  +0.0
 14.35 click    +1.7  +3.7  +0.0
 14.85 click    +0.2  +3.8  +0.0
 15.30 pop      +1.8  +0.0  -0.0
 15.45 whoosh   +1.8  +0.0  -0.0
 16.40 ping     +0.0  +0.0  -0.0
 17.45 whoosh   +3.4  -0.0  +0.0
 19.20 pop      +1.1  +4.4  +0.0
 19.38 click    +0.3  -0.0  -0.0
 19.58 click    +0.1  +3.9  -0.0
 19.78 click    +0.2  +2.4  -0.0
 20.28 whoosh   +3.2  -0.0  +0.0
 23.20 whoosh   +3.3  +0.0  -0.0
 24.10 click    +0.7  +3.7  +0.0
 25.00 click    +0.7  +3.9  +0.1